board=4,answer={'data': [2, 0, 3, 1], 'fit_value': 4},gen=0
board=5,answer={'data': [1, 4, 2, 0, 3], 'fit_value': 5},gen=0
board=6,answer={'data': [4, 2, 0, 5, 3, 1], 'fit_value': 6},gen=0
board=7,answer={'data': [0, 3, 6, 2, 5, 1, 4], 'fit_value': 7},gen=7
board=8,answer={'data': [6, 2, 0, 5, 7, 4, 1, 3], 'fit_value': 8},gen=18
board=9,answer={'data': [8, 2, 4, 1, 7, 0, 6, 3, 5], 'fit_value': 9},gen=29
board=10,answer={'data': [3, 0, 7, 5, 1, 9, 6, 8, 2, 4], 'fit_value': 10},gen=54
board=11,answer={'data': [8, 3, 9, 6, 1, 5, 10, 0, 7, 4, 2], 'fit_value': 11},gen=27
board=12,answer={'data': [5, 1, 6, 9, 11, 2, 7, 3, 10, 8, 4, 0], 'fit_value': 12},gen=674
board=13,answer={'data': [8, 5, 11, 6, 0, 2, 12, 7, 3, 1, 9, 4, 10], 'fit_value': 13},gen=84
board=14,answer={'data': [8, 0, 9, 4, 1, 5, 11, 2, 12, 3, 13, 7, 10, 6], 'fit_value': 14},gen=142
board=15,answer={'data': [12, 8, 6, 0, 13, 1, 5, 7, 2, 10, 3, 14, 4, 11, 9], 'fit_value': 15},gen=69
board=16,answer={'data': [0, 7, 9, 14, 12, 10, 4, 2, 5, 3, 11, 13, 15, 1, 6, 8], 'fit_value': 16},gen=154
board=17,answer={'data': [11, 5, 10, 4, 14, 0, 9, 3, 13, 16, 7, 2, 12, 6, 8, 1, 15], 'fit_value': 17},gen=134
board=18,answer={'data': [17, 8, 3, 13, 7, 1, 12, 0, 2, 6, 10, 16, 14, 11, 9, 4, 15, 5], 'fit_value': 18},gen=50
board=19,answer={'data': [5, 8, 11, 14, 0, 7, 10, 17, 2, 6, 13, 9, 18, 12, 15, 4, 16, 1, 3], 'fit_value': 19},gen=167
board=20,answer={'data': [19, 7, 12, 15, 5, 10, 17, 6, 3, 18, 0, 9, 14, 4, 8, 1, 16, 13, 11, 2], 'fit_value': 20},gen=126
board=21,answer={'data': [3, 0, 10, 7, 15, 1, 18, 20, 14, 11, 19, 5, 9, 13, 4, 2, 17, 6, 16, 12, 8], 'fit_value': 21},gen=94
board=22,answer={'data': [7, 14, 8, 0, 13, 9, 17, 21, 18, 10, 12, 2, 20, 3, 6, 15, 11, 1, 16, 5, 19, 4], 'fit_value': 22},gen=109
board=23,answer={'data': [18, 8, 19, 2, 10, 17, 1, 12, 5, 11, 14, 22, 3, 21, 15, 13, 0, 20, 7, 4, 6, 9, 16], 'fit_value': 23},gen=552
board=24,answer={'data': [20, 7, 16, 0, 12, 14, 5, 18, 1, 13, 2, 23, 19, 8, 15, 17, 10, 22, 6, 9, 3, 21, 11, 4], 'fit_value': 24},gen=877
board=25,answer={'data': [1, 9, 11, 24, 3, 19, 10, 4, 18, 21, 13, 7, 23, 20, 14, 2, 22, 5, 16, 12, 0, 15, 17, 6, 8], 'fit_value': 25},gen=417
board=26,answer={'data': [8, 6, 15, 12, 0, 19, 4, 7, 25, 21, 3, 18, 9, 24, 20, 10, 2, 5, 17, 23, 11, 22, 1, 13, 16, 14], 'fit_value': 26},gen=132
board=27,answer={'data': [15, 10, 4, 2, 12, 8, 23, 20, 24, 0, 21, 6, 16, 13, 7, 25, 3, 5, 19, 17, 26, 18, 11, 1, 14, 9, 22], 'fit_value': 27},gen=155
board=28,answer={'data': [6, 10, 24, 26, 17, 22, 13, 8, 5, 0, 14, 21, 23, 9, 4, 18, 15, 25, 16, 1, 3, 7, 27, 2, 12, 19, 11, 20], 'fit_value': 28},gen=304
board=29,answer={'data': [22, 7, 19, 10, 16, 13, 6, 4, 28, 5, 24, 21, 17, 3, 25, 0, 14, 11, 27, 18, 23, 12, 9, 1, 26, 2, 15, 8, 20], 'fit_value': 29},gen=122
board=30,answer={'data': [11, 20, 1, 12, 19, 2, 8, 3, 24, 21, 27, 9, 22, 26, 15, 7, 10, 23, 18, 14, 28, 25, 6, 4, 29, 0, 5, 17, 13, 16], 'fit_value': 30},gen=110
board=31,answer={'data': [24, 9, 4, 8, 5, 3, 10, 23, 15, 27, 22, 14, 21, 26, 29, 25, 12, 2, 17, 7, 0, 13, 19, 6, 30, 20, 1, 11, 28, 18, 16], 'fit_value': 31},gen=355
board=32,answer={'data': [26, 6, 27, 9, 4, 20, 7, 16, 25, 12, 31, 5, 2, 21, 28, 22, 1, 29, 13, 0, 30, 19, 10, 15, 11, 24, 17, 3, 8, 18, 23, 14], 'fit_value': 32},gen=196
board=33,answer={'data': [21, 14, 7, 5, 18, 15, 29, 3, 19, 16, 9, 12, 6, 30, 20, 31, 25, 0, 8, 10, 28, 24, 22, 1, 13, 17, 2, 11, 32, 27, 23, 26, 4], 'fit_value': 33},gen=332
board=34,answer={'data': [11, 29, 21, 7, 22, 32, 6, 10, 0, 15, 9, 23, 19, 28, 8, 3, 13, 31, 2, 20, 25, 30, 18, 33, 4, 27, 12, 16, 5, 24, 17, 1, 14, 26], 'fit_value': 34},gen=406
board=35,answer={'data': [33, 6, 24, 5, 11, 18, 3, 28, 16, 19, 26, 31, 4, 32, 7, 2, 27, 15, 1, 34, 21, 10, 12, 17, 23, 0, 22, 30, 9, 29, 14, 8, 20, 13, 25], 'fit_value': 35},gen=296
board=36,answer={'data': [23, 28, 14, 10, 18, 0, 15, 12, 7, 26, 8, 33, 5, 29, 22, 25, 34, 32, 20, 9, 31, 6, 2, 11, 30, 16, 4, 19, 24, 3, 13, 17, 1, 27, 21, 35], 'fit_value': 36},gen=123
board=37,answer={'data': [12, 19, 26, 13, 33, 24, 17, 34, 16, 2, 9, 32, 27, 35, 28, 6, 14, 1, 15, 7, 29, 23, 0, 30, 3, 11, 21, 8, 31, 5, 20, 25, 36, 18, 4, 22, 10], 'fit_value': 37},gen=317
board=38,answer={'data': [13, 7, 19, 21, 12, 9, 20, 3, 1, 32, 15, 33, 37, 2, 8, 25, 36, 17, 10, 16, 27, 24, 31, 35, 6, 11, 5, 29, 23, 14, 18, 30, 0, 34, 4, 22, 26, 28], 'fit_value': 38},gen=662
board=39,answer={'data': [16, 3, 20, 12, 27, 31, 5, 26, 37, 0, 25, 33, 6, 1, 35, 15, 24, 4, 30, 8, 23, 13, 29, 18, 2, 38, 36, 28, 14, 10, 34, 7, 22, 17, 19, 32, 11, 9, 21], 'fit_value': 39},gen=1134
board=40,answer={'data': [39, 19, 24, 27, 23, 5, 16, 33, 20, 15, 8, 12, 32, 21, 31, 1, 3, 0, 29, 22, 35, 10, 7, 37, 14, 17, 30, 36, 9, 6, 18, 2, 25, 13, 28, 26, 38, 34, 11, 4], 'fit_value': 40},gen=221
board=41,answer={'data': [23, 25, 6, 37, 14, 27, 32, 36, 13, 11, 0, 38, 29, 26, 15, 10, 19, 2, 34, 12, 7, 1, 33, 22, 20, 17, 35, 3, 40, 4, 28, 5, 21, 39, 31, 16, 30, 9, 24, 18, 8], 'fit_value': 41},gen=470
board=42,answer={'data': [31, 19, 15, 23, 36, 17, 10, 40, 30, 25, 35, 12, 2, 11, 14, 4, 37, 20, 0, 13, 34, 38, 29, 6, 3, 27, 18, 22, 5, 7, 41, 39, 16, 9, 33, 8, 32, 28, 26, 24, 1, 21], 'fit_value': 42},gen=211
board=43,answer={'data': [39, 7, 11, 21, 34, 17, 23, 41, 28, 38, 24, 22, 31, 18, 9, 6, 10, 20, 14, 40, 0, 4, 35, 12, 3, 15, 2, 19, 32, 27, 37, 30, 42, 33, 16, 36, 29, 5, 13, 25, 1, 8, 26], 'fit_value': 43},gen=539
board=44,answer={'data': [26, 13, 37, 25, 15, 20, 31, 40, 27, 8, 42, 11, 36, 0, 22, 1, 4, 7, 12, 2, 29, 19, 24, 39, 3, 18, 33, 28, 32, 43, 14, 34, 38, 5, 23, 6, 41, 17, 35, 30, 21, 9, 16, 10], 'fit_value': 44},gen=278
board=45,answer={'data': [21, 9, 13, 20, 1, 28, 0, 38, 34, 44, 16, 7, 2, 6, 32, 10, 25, 17, 40, 33, 30, 19, 35, 15, 39, 12, 4, 43, 31, 36, 42, 8, 3, 18, 22, 26, 37, 23, 5, 41, 29, 14, 24, 11, 27], 'fit_value': 45},gen=549
board=46,answer={'data': [15, 28, 14, 16, 8, 25, 42, 39, 36, 38, 33, 41, 13, 23, 6, 18, 7, 5, 0, 21, 44, 11, 20, 45, 2, 24, 32, 34, 9, 40, 26, 10, 3, 27, 4, 35, 29, 22, 43, 12, 17, 30, 37, 19, 1, 31], 'fit_value': 46},gen=507
board=47,answer={'data': [29, 39, 21, 44, 15, 10, 22, 25, 6, 33, 27, 42, 24, 5, 17, 2, 4, 37, 9, 14, 28, 20, 36, 38, 0, 32, 8, 40, 18, 23, 30, 12, 34, 11, 1, 3, 46, 43, 7, 16, 19, 45, 26, 13, 41, 31, 35], 'fit_value': 47},gen=578
board=48,answer={'data': [28, 26, 45, 1, 20, 17, 3, 37, 7, 24, 33, 40, 2, 47, 32, 10, 25, 0, 21, 19, 12, 35, 27, 29, 34, 38, 8, 44, 9, 36, 6, 4, 16, 41, 11, 5, 23, 31, 42, 30, 14, 43, 13, 39, 22, 46, 18, 15], 'fit_value': 48},gen=538
board=49,answer={'data': [18, 43, 25, 20, 32, 29, 27, 15, 11, 41, 0, 24, 8, 47, 44, 1, 9, 22, 30, 33, 42, 48, 6, 38, 7, 34, 23, 16, 2, 17, 40, 35, 5, 14, 45, 10, 36, 3, 37, 26, 31, 39, 21, 13, 46, 12, 28, 4, 19], 'fit_value': 49},gen=384
board=50,answer={'data': [13, 20, 40, 14, 30, 7, 31, 8, 32, 24, 46, 25, 35, 42, 48, 36, 4, 47, 9, 12, 28, 5, 0, 26, 22, 43, 3, 27, 33, 10, 2, 38, 49, 45, 1, 44, 23, 16, 6, 19, 34, 11, 15, 17, 29, 21, 41, 39, 37, 18], 'fit_value': 50},gen=337